IMPROPER 7 0 5 3 $FC  120.0
IMPROPER 11 9 7 5 $FC -120.0
DIHEDRAL 7 11 13 15 $FC  180.0
IMPROPER 133 126 131 129 $FC  120.0
IMPROPER 137 135 133 131 $FC -120.0
DIHEDRAL 133 137 139 141 $FC  180.0
IMPROPER 259 252 257 255 $FC  120.0
IMPROPER 263 261 259 257 $FC -120.0
DIHEDRAL 259 263 265 267 $FC  180.0
IMPROPER 385 378 383 381 $FC  120.0
IMPROPER 389 387 385 383 $FC -120.0
DIHEDRAL 385 389 391 393 $FC  180.0
IMPROPER 511 504 509 507 $FC  120.0
IMPROPER 515 513 511 509 $FC -120.0
DIHEDRAL 511 515 517 519 $FC  180.0
IMPROPER 637 630 635 633 $FC  120.0
IMPROPER 641 639 637 635 $FC -120.0
DIHEDRAL 637 641 643 645 $FC  180.0
IMPROPER 763 756 761 759 $FC  120.0
IMPROPER 767 765 763 761 $FC -120.0
DIHEDRAL 763 767 769 771 $FC  180.0
IMPROPER 889 882 887 885 $FC  120.0
IMPROPER 893 891 889 887 $FC -120.0
DIHEDRAL 889 893 895 897 $FC  180.0
IMPROPER 1015 1008 1013 1011 $FC  120.0
IMPROPER 1019 1017 1015 1013 $FC -120.0
DIHEDRAL 1015 1019 1021 1023 $FC  180.0
IMPROPER 1141 1134 1139 1137 $FC  120.0
IMPROPER 1145 1143 1141 1139 $FC -120.0
DIHEDRAL 1141 1145 1147 1149 $FC  180.0
IMPROPER 1267 1260 1265 1263 $FC  120.0
IMPROPER 1271 1269 1267 1265 $FC -120.0
DIHEDRAL 1267 1271 1273 1275 $FC  180.0
IMPROPER 1393 1386 1391 1389 $FC  120.0
IMPROPER 1397 1395 1393 1391 $FC -120.0
DIHEDRAL 1393 1397 1399 1401 $FC  180.0
IMPROPER 1519 1512 1517 1515 $FC  120.0
IMPROPER 1523 1521 1519 1517 $FC -120.0
DIHEDRAL 1519 1523 1525 1527 $FC  180.0
IMPROPER 1645 1638 1643 1641 $FC  120.0
IMPROPER 1649 1647 1645 1643 $FC -120.0
DIHEDRAL 1645 1649 1651 1653 $FC  180.0
IMPROPER 1771 1764 1769 1767 $FC  120.0
IMPROPER 1775 1773 1771 1769 $FC -120.0
DIHEDRAL 1771 1775 1777 1779 $FC  180.0
IMPROPER 1897 1890 1895 1893 $FC  120.0
IMPROPER 1901 1899 1897 1895 $FC -120.0
DIHEDRAL 1897 1901 1903 1905 $FC  180.0
IMPROPER 2023 2016 2021 2019 $FC  120.0
IMPROPER 2027 2025 2023 2021 $FC -120.0
DIHEDRAL 2023 2027 2029 2031 $FC  180.0
IMPROPER 2149 2142 2147 2145 $FC  120.0
IMPROPER 2153 2151 2149 2147 $FC -120.0
DIHEDRAL 2149 2153 2155 2157 $FC  180.0
IMPROPER 2275 2268 2273 2271 $FC  120.0
IMPROPER 2279 2277 2275 2273 $FC -120.0
DIHEDRAL 2275 2279 2281 2283 $FC  180.0
IMPROPER 2492 2503 2495 2497 $FC -120.0
IMPROPER 2696 2707 2699 2701 $FC -120.0
IMPROPER 2833 2826 2831 2829 $FC  120.0
IMPROPER 2837 2835 2833 2831 $FC -120.0
DIHEDRAL 2833 2837 2839 2841 $FC  180.0
IMPROPER 3033 3044 3036 3038 $FC -120.0
IMPROPER 3318 3311 3316 3314 $FC  120.0
IMPROPER 3322 3320 3318 3316 $FC -120.0
DIHEDRAL 3318 3322 3324 3326 $FC  180.0
IMPROPER 3451 3444 3449 3447 $FC  120.0
IMPROPER 3455 3453 3451 3449 $FC -120.0
DIHEDRAL 3451 3455 3457 3459 $FC  180.0
IMPROPER 3651 3662 3654 3656 $FC -120.0
IMPROPER 3855 3866 3858 3860 $FC -120.0
IMPROPER 3985 3996 3988 3990 $FC -120.0
IMPROPER 4196 4189 4194 4192 $FC  120.0
IMPROPER 4200 4198 4196 4194 $FC -120.0
DIHEDRAL 4196 4200 4202 4204 $FC  180.0
IMPROPER 4403 4396 4401 4399 $FC  120.0
IMPROPER 4407 4405 4403 4401 $FC -120.0
DIHEDRAL 4403 4407 4409 4411 $FC  180.0
IMPROPER 4529 4540 4532 4534 $FC -120.0
IMPROPER 4724 4735 4727 4729 $FC -120.0
DIHEDRAL 4759 4762 4764 4766 $FC  0.0
IMPROPER 5087 5080 5085 5083 $FC  120.0
IMPROPER 5091 5089 5087 5085 $FC -120.0
DIHEDRAL 5087 5091 5093 5095 $FC  180.0
IMPROPER 5368 5361 5366 5364 $FC  120.0
IMPROPER 5372 5370 5368 5366 $FC -120.0
DIHEDRAL 5368 5372 5374 5376 $FC  180.0
IMPROPER 5501 5494 5499 5497 $FC  120.0
IMPROPER 5505 5503 5501 5499 $FC -120.0
DIHEDRAL 5501 5505 5507 5509 $FC  180.0
IMPROPER 5618 5629 5621 5623 $FC -120.0
DIHEDRAL 5653 5656 5658 5660 $FC  0.0
IMPROPER 5759 5752 5757 5755 $FC  120.0
IMPROPER 5763 5761 5759 5757 $FC -120.0
DIHEDRAL 5759 5763 5765 5767 $FC  180.0
IMPROPER 5892 5885 5890 5888 $FC  120.0
IMPROPER 5896 5894 5892 5890 $FC -120.0
DIHEDRAL 5892 5896 5898 5900 $FC  180.0
IMPROPER 6009 6020 6012 6014 $FC -120.0
DIHEDRAL 6044 6047 6049 6051 $FC  0.0
IMPROPER 6143 6154 6146 6148 $FC -120.0
IMPROPER 6264 6275 6267 6269 $FC -120.0
DIHEDRAL 6299 6302 6304 6306 $FC  0.0
IMPROPER 6472 6483 6475 6477 $FC -120.0
IMPROPER 6602 6613 6605 6607 $FC -120.0
IMPROPER 6739 6732 6737 6735 $FC  120.0
IMPROPER 6743 6741 6739 6737 $FC -120.0
DIHEDRAL 6739 6743 6745 6747 $FC  180.0
IMPROPER 7020 7013 7018 7016 $FC  120.0
IMPROPER 7024 7022 7020 7018 $FC -120.0
DIHEDRAL 7020 7024 7026 7028 $FC  180.0
IMPROPER 7220 7231 7223 7225 $FC -120.0
IMPROPER 7498 7509 7501 7503 $FC -120.0
IMPROPER 7693 7704 7696 7698 $FC -120.0
DIHEDRAL 7728 7731 7733 7735 $FC  0.0
IMPROPER 7901 7912 7904 7906 $FC -120.0
IMPROPER 8031 8042 8034 8036 $FC -120.0
IMPROPER 8152 8163 8155 8157 $FC -120.0
DIHEDRAL 8187 8190 8192 8194 $FC  0.0
IMPROPER 8360 8371 8363 8365 $FC -120.0
IMPROPER 8564 8575 8567 8569 $FC -120.0
IMPROPER 8768 8779 8771 8773 $FC -120.0
IMPROPER 8889 8900 8892 8894 $FC -120.0
DIHEDRAL 8924 8927 8929 8931 $FC  0.0
IMPROPER 9171 9182 9174 9176 $FC -120.0
IMPROPER 9375 9386 9378 9380 $FC -120.0
IMPROPER 9727 9738 9730 9732 $FC -120.0
IMPROPER 10086 10079 10084 10082 $FC  120.0
IMPROPER 10090 10088 10086 10084 $FC -120.0
DIHEDRAL 10086 10090 10092 10094 $FC  180.0
IMPROPER 10277 10288 10280 10282 $FC -120.0
DIHEDRAL 10312 10315 10317 10319 $FC  0.0
IMPROPER 10485 10496 10488 10490 $FC -120.0
IMPROPER 11140 11133 11138 11136 $FC  120.0
IMPROPER 11144 11142 11140 11138 $FC -120.0
DIHEDRAL 11140 11144 11146 11148 $FC  180.0
IMPROPER 11340 11351 11343 11345 $FC -120.0
IMPROPER 11535 11546 11538 11540 $FC -120.0
DIHEDRAL 11570 11573 11575 11577 $FC  0.0
IMPROPER 11743 11754 11746 11748 $FC -120.0
IMPROPER 11938 11949 11941 11943 $FC -120.0
DIHEDRAL 11973 11976 11978 11980 $FC  0.0
IMPROPER 12063 12074 12066 12068 $FC -120.0
DIHEDRAL 12098 12101 12103 12105 $FC  0.0
IMPROPER 12715 12726 12718 12720 $FC -120.0
IMPROPER 12836 12847 12839 12841 $FC -120.0
DIHEDRAL 12871 12874 12876 12878 $FC  0.0
IMPROPER 13044 13055 13047 13049 $FC -120.0
IMPROPER 13248 13259 13251 13253 $FC -120.0
IMPROPER 13526 13537 13529 13531 $FC -120.0
IMPROPER 13737 13730 13735 13733 $FC  120.0
IMPROPER 13741 13739 13737 13735 $FC -120.0
DIHEDRAL 13737 13741 13743 13745 $FC  180.0
IMPROPER 13928 13939 13931 13933 $FC -120.0
DIHEDRAL 13963 13966 13968 13970 $FC  0.0
IMPROPER 14053 14064 14056 14058 $FC -120.0
DIHEDRAL 14088 14091 14093 14095 $FC  0.0
IMPROPER 14261 14272 14264 14266 $FC -120.0
IMPROPER 14382 14393 14385 14387 $FC -120.0
DIHEDRAL 14417 14420 14422 14424 $FC  0.0
IMPROPER 14516 14527 14519 14521 $FC -120.0
IMPROPER 14653 14646 14651 14649 $FC  120.0
IMPROPER 14657 14655 14653 14651 $FC -120.0
DIHEDRAL 14653 14657 14659 14661 $FC  180.0
IMPROPER 15001 15012 15004 15006 $FC -120.0
IMPROPER 15138 15131 15136 15134 $FC  120.0
IMPROPER 15142 15140 15138 15136 $FC -120.0
DIHEDRAL 15138 15142 15144 15146 $FC  180.0
IMPROPER 15264 15275 15267 15269 $FC -120.0
IMPROPER 15401 15394 15399 15397 $FC  120.0
IMPROPER 15405 15403 15401 15399 $FC -120.0
DIHEDRAL 15401 15405 15407 15409 $FC  180.0
IMPROPER 15518 15529 15521 15523 $FC -120.0
DIHEDRAL 15553 15556 15558 15560 $FC  0.0
IMPROPER 15865 15876 15868 15870 $FC -120.0
DIHEDRAL 15900 15903 15905 15907 $FC  0.0
IMPROPER 15999 16010 16002 16004 $FC -120.0
IMPROPER 16120 16131 16123 16125 $FC -120.0
DIHEDRAL 16155 16158 16160 16162 $FC  0.0
IMPROPER 16254 16265 16257 16259 $FC -120.0
IMPROPER 16384 16395 16387 16389 $FC -120.0
IMPROPER 16588 16599 16591 16593 $FC -120.0
IMPROPER 16718 16729 16721 16723 $FC -120.0
IMPROPER 17144 17155 17147 17149 $FC -120.0
IMPROPER 17274 17285 17277 17279 $FC -120.0
IMPROPER 17411 17404 17409 17407 $FC  120.0
IMPROPER 17415 17413 17411 17409 $FC -120.0
DIHEDRAL 17411 17415 17417 17419 $FC  180.0
IMPROPER 17618 17611 17616 17614 $FC  120.0
IMPROPER 17622 17620 17618 17616 $FC -120.0
DIHEDRAL 17618 17622 17624 17626 $FC  180.0
IMPROPER 17735 17746 17738 17740 $FC -120.0
DIHEDRAL 17770 17773 17775 17777 $FC  0.0
IMPROPER 17860 17871 17863 17865 $FC -120.0
DIHEDRAL 17895 17898 17900 17902 $FC  0.0
IMPROPER 17994 18005 17997 17999 $FC -120.0
IMPROPER 18198 18209 18201 18203 $FC -120.0
IMPROPER 18402 18413 18405 18407 $FC -120.0
IMPROPER 18532 18543 18535 18537 $FC -120.0
IMPROPER 18884 18895 18887 18889 $FC -120.0
IMPROPER 19014 19025 19017 19019 $FC -120.0
IMPROPER 19151 19144 19149 19147 $FC  120.0
IMPROPER 19155 19153 19151 19149 $FC -120.0
DIHEDRAL 19151 19155 19157 19159 $FC  180.0
IMPROPER 19342 19353 19345 19347 $FC -120.0
DIHEDRAL 19377 19380 19382 19384 $FC  0.0
IMPROPER 19550 19561 19553 19555 $FC -120.0
IMPROPER 19909 19902 19907 19905 $FC  120.0
IMPROPER 19913 19911 19909 19907 $FC -120.0
DIHEDRAL 19909 19913 19915 19917 $FC  180.0
IMPROPER 20257 20268 20260 20262 $FC -120.0
IMPROPER 20452 20463 20455 20457 $FC -120.0
DIHEDRAL 20487 20490 20492 20494 $FC  0.0
IMPROPER 20586 20597 20589 20591 $FC -120.0
IMPROPER 20716 20727 20719 20721 $FC -120.0
IMPROPER 21142 21153 21145 21147 $FC -120.0
IMPROPER 21263 21274 21266 21268 $FC -120.0
DIHEDRAL 21298 21301 21303 21305 $FC  0.0
IMPROPER 21373 21379 21377 21382 $FC  120.0
IMPROPER 21390 21401 21393 21395 $FC -120.0
DIHEDRAL 21425 21428 21430 21432 $FC  0.0
IMPROPER 21589 21600 21592 21594 $FC -120.0
DIHEDRAL 21624 21627 21629 21631 $FC  0.0
IMPROPER 21699 21705 21703 21708 $FC  120.0
IMPROPER 21716 21727 21719 21721 $FC -120.0
DIHEDRAL 21751 21754 21756 21758 $FC  0.0
IMPROPER 21841 21852 21844 21846 $FC -120.0
DIHEDRAL 21876 21879 21881 21883 $FC  0.0
IMPROPER 21951 21957 21955 21960 $FC  120.0
IMPROPER 21968 21979 21971 21973 $FC -120.0
DIHEDRAL 22003 22006 22008 22010 $FC  0.0
IMPROPER 22093 22104 22096 22098 $FC -120.0
DIHEDRAL 22128 22131 22133 22135 $FC  0.0
IMPROPER 22292 22303 22295 22297 $FC -120.0
DIHEDRAL 22327 22330 22332 22334 $FC  0.0
IMPROPER 22402 22408 22406 22411 $FC  120.0
IMPROPER 22419 22430 22422 22424 $FC -120.0
DIHEDRAL 22454 22457 22459 22461 $FC  0.0
IMPROPER 22544 22555 22547 22549 $FC -120.0
DIHEDRAL 22579 22582 22584 22586 $FC  0.0
IMPROPER 23039 23050 23042 23044 $FC -120.0
DIHEDRAL 23074 23077 23079 23081 $FC  0.0
IMPROPER 23149 23155 23153 23158 $FC  120.0
IMPROPER 23166 23177 23169 23171 $FC -120.0
DIHEDRAL 23201 23204 23206 23208 $FC  0.0
IMPROPER 23300 23311 23303 23305 $FC -120.0
IMPROPER 23430 23441 23433 23435 $FC -120.0
IMPROPER 23567 23560 23565 23563 $FC  120.0
IMPROPER 23571 23569 23567 23565 $FC -120.0
DIHEDRAL 23567 23571 23573 23575 $FC  180.0
IMPROPER 23684 23695 23687 23689 $FC -120.0
DIHEDRAL 23719 23722 23724 23726 $FC  0.0
IMPROPER 23883 23894 23886 23888 $FC -120.0
DIHEDRAL 23918 23921 23923 23925 $FC  0.0
IMPROPER 24024 24017 24022 24020 $FC  120.0
IMPROPER 24028 24026 24024 24022 $FC -120.0
DIHEDRAL 24024 24028 24030 24032 $FC  180.0
IMPROPER 24215 24226 24218 24220 $FC -120.0
DIHEDRAL 24250 24253 24255 24257 $FC  0.0
IMPROPER 24645 24656 24648 24650 $FC -120.0
IMPROPER 24751 24757 24755 24760 $FC  120.0
IMPROPER 24768 24779 24771 24773 $FC -120.0
DIHEDRAL 24803 24806 24808 24810 $FC  0.0
IMPROPER 25026 25032 25030 25035 $FC  120.0
IMPROPER 25043 25054 25046 25048 $FC -120.0
DIHEDRAL 25078 25081 25083 25085 $FC  0.0
IMPROPER 25227 25233 25231 25236 $FC  120.0
IMPROPER 25244 25255 25247 25249 $FC -120.0
DIHEDRAL 25279 25282 25284 25286 $FC  0.0
IMPROPER 25369 25380 25372 25374 $FC -120.0
DIHEDRAL 25404 25407 25409 25411 $FC  0.0
IMPROPER 25568 25579 25571 25573 $FC -120.0
DIHEDRAL 25603 25606 25608 25610 $FC  0.0
IMPROPER 25678 25684 25682 25687 $FC  120.0
IMPROPER 25695 25706 25698 25700 $FC -120.0
DIHEDRAL 25730 25733 25735 25737 $FC  0.0
IMPROPER 25820 25831 25823 25825 $FC -120.0
DIHEDRAL 25855 25858 25860 25862 $FC  0.0
IMPROPER 26035 26028 26033 26031 $FC  120.0
IMPROPER 26039 26037 26035 26033 $FC -120.0
DIHEDRAL 26035 26039 26041 26043 $FC  180.0
IMPROPER 26152 26163 26155 26157 $FC -120.0
DIHEDRAL 26187 26190 26192 26194 $FC  0.0
IMPROPER 26277 26288 26280 26282 $FC -120.0
DIHEDRAL 26312 26315 26317 26319 $FC  0.0
IMPROPER 26535 26541 26539 26544 $FC  120.0
IMPROPER 26552 26563 26555 26557 $FC -120.0
DIHEDRAL 26587 26590 26592 26594 $FC  0.0
IMPROPER 26899 26910 26902 26904 $FC -120.0
DIHEDRAL 26934 26937 26939 26941 $FC  0.0
IMPROPER 27246 27257 27249 27251 $FC -120.0
DIHEDRAL 27281 27284 27286 27288 $FC  0.0
IMPROPER 27445 27456 27448 27450 $FC -120.0
DIHEDRAL 27480 27483 27485 27487 $FC  0.0
IMPROPER 27570 27581 27573 27575 $FC -120.0
DIHEDRAL 27605 27608 27610 27612 $FC  0.0
IMPROPER 27695 27706 27698 27700 $FC -120.0
DIHEDRAL 27730 27733 27735 27737 $FC  0.0
IMPROPER 27820 27831 27823 27825 $FC -120.0
DIHEDRAL 27855 27858 27860 27862 $FC  0.0
IMPROPER 27945 27956 27948 27950 $FC -120.0
DIHEDRAL 27980 27983 27985 27987 $FC  0.0
IMPROPER 28153 28164 28156 28158 $FC -120.0
IMPROPER 28283 28294 28286 28288 $FC -120.0
IMPROPER 28413 28424 28416 28418 $FC -120.0
IMPROPER 28543 28554 28546 28548 $FC -120.0
IMPROPER 28738 28749 28741 28743 $FC -120.0
DIHEDRAL 28773 28776 28778 28780 $FC  0.0
IMPROPER 28879 28872 28877 28875 $FC  120.0
IMPROPER 28883 28881 28879 28877 $FC -120.0
DIHEDRAL 28879 28883 28885 28887 $FC  180.0
IMPROPER 29070 29081 29073 29075 $FC -120.0
DIHEDRAL 29105 29108 29110 29112 $FC  0.0
IMPROPER 29278 29289 29281 29283 $FC -120.0
IMPROPER 29399 29410 29402 29404 $FC -120.0
DIHEDRAL 29434 29437 29439 29441 $FC  0.0
IMPROPER 29746 29757 29749 29751 $FC -120.0
DIHEDRAL 29781 29784 29786 29788 $FC  0.0
IMPROPER 29871 29882 29874 29876 $FC -120.0
DIHEDRAL 29906 29909 29911 29913 $FC  0.0
IMPROPER 30086 30079 30084 30082 $FC  120.0
IMPROPER 30090 30088 30086 30084 $FC -120.0
DIHEDRAL 30086 30090 30092 30094 $FC  180.0
IMPROPER 30351 30362 30354 30356 $FC -120.0
DIHEDRAL 30386 30389 30391 30393 $FC  0.0
IMPROPER 30698 30709 30701 30703 $FC -120.0
DIHEDRAL 30733 30736 30738 30740 $FC  0.0
IMPROPER 30808 30814 30812 30817 $FC  120.0
IMPROPER 30825 30836 30828 30830 $FC -120.0
DIHEDRAL 30860 30863 30865 30867 $FC  0.0
IMPROPER 30966 30959 30964 30962 $FC  120.0
IMPROPER 30970 30968 30966 30964 $FC -120.0
DIHEDRAL 30966 30970 30972 30974 $FC  180.0
IMPROPER 31083 31094 31086 31088 $FC -120.0
DIHEDRAL 31118 31121 31123 31125 $FC  0.0
IMPROPER 31217 31228 31220 31222 $FC -120.0
IMPROPER 31767 31773 31771 31776 $FC  120.0
IMPROPER 31784 31795 31787 31789 $FC -120.0
DIHEDRAL 31819 31822 31824 31826 $FC  0.0
IMPROPER 31918 31929 31921 31923 $FC -120.0
IMPROPER 32048 32059 32051 32053 $FC -120.0
IMPROPER 32178 32189 32181 32183 $FC -120.0
IMPROPER 32432 32438 32436 32441 $FC  120.0
IMPROPER 32449 32460 32452 32454 $FC -120.0
DIHEDRAL 32484 32487 32489 32491 $FC  0.0
IMPROPER 32731 32742 32734 32736 $FC -120.0
IMPROPER 32926 32937 32929 32931 $FC -120.0
DIHEDRAL 32961 32964 32966 32968 $FC  0.0
IMPROPER 33199 33210 33202 33204 $FC -120.0
DIHEDRAL 33234 33237 33239 33241 $FC  0.0
IMPROPER 33546 33557 33549 33551 $FC -120.0
DIHEDRAL 33581 33584 33586 33588 $FC  0.0
IMPROPER 33687 33680 33685 33683 $FC  120.0
IMPROPER 33691 33689 33687 33685 $FC -120.0
DIHEDRAL 33687 33691 33693 33695 $FC  180.0
IMPROPER 33813 33824 33816 33818 $FC -120.0
IMPROPER 33934 33945 33937 33939 $FC -120.0
DIHEDRAL 33969 33972 33974 33976 $FC  0.0
IMPROPER 34340 34346 34344 34349 $FC  120.0
IMPROPER 34357 34368 34360 34362 $FC -120.0
DIHEDRAL 34392 34395 34397 34399 $FC  0.0
IMPROPER 34498 34491 34496 34494 $FC  120.0
IMPROPER 34502 34500 34498 34496 $FC -120.0
DIHEDRAL 34498 34502 34504 34506 $FC  180.0
IMPROPER 34624 34635 34627 34629 $FC -120.0
IMPROPER 34804 34810 34808 34813 $FC  120.0
IMPROPER 34821 34832 34824 34826 $FC -120.0
DIHEDRAL 34856 34859 34861 34863 $FC  0.0
IMPROPER 34931 34937 34935 34940 $FC  120.0
IMPROPER 34948 34959 34951 34953 $FC -120.0
DIHEDRAL 34983 34986 34988 34990 $FC  0.0
IMPROPER 35206 35212 35210 35215 $FC  120.0
IMPROPER 35223 35234 35226 35228 $FC -120.0
DIHEDRAL 35258 35261 35263 35265 $FC  0.0
IMPROPER 35431 35442 35434 35436 $FC -120.0
IMPROPER 35552 35563 35555 35557 $FC -120.0
DIHEDRAL 35587 35590 35592 35594 $FC  0.0
IMPROPER 35751 35762 35754 35756 $FC -120.0
DIHEDRAL 35786 35789 35791 35793 $FC  0.0
IMPROPER 35861 35867 35865 35870 $FC  120.0
IMPROPER 35878 35889 35881 35883 $FC -120.0
DIHEDRAL 35913 35916 35918 35920 $FC  0.0
IMPROPER 36062 36068 36066 36071 $FC  120.0
IMPROPER 36079 36090 36082 36084 $FC -120.0
DIHEDRAL 36114 36117 36119 36121 $FC  0.0
IMPROPER 36220 36213 36218 36216 $FC  120.0
IMPROPER 36224 36222 36220 36218 $FC -120.0
DIHEDRAL 36220 36224 36226 36228 $FC  180.0
IMPROPER 36322 36328 36326 36331 $FC  120.0
IMPROPER 36339 36350 36342 36344 $FC -120.0
DIHEDRAL 36374 36377 36379 36381 $FC  0.0
IMPROPER 36612 36623 36615 36617 $FC -120.0
DIHEDRAL 36647 36650 36652 36654 $FC  0.0
IMPROPER 36746 36757 36749 36751 $FC -120.0
IMPROPER 36867 36878 36870 36872 $FC -120.0
DIHEDRAL 36902 36905 36907 36909 $FC  0.0
IMPROPER 36977 36983 36981 36986 $FC  120.0
IMPROPER 36994 37005 36997 36999 $FC -120.0
DIHEDRAL 37029 37032 37034 37036 $FC  0.0
IMPROPER 37128 37139 37131 37133 $FC -120.0
IMPROPER 37258 37269 37261 37263 $FC -120.0
IMPROPER 37364 37370 37368 37373 $FC  120.0
IMPROPER 37381 37392 37384 37386 $FC -120.0
DIHEDRAL 37416 37419 37421 37423 $FC  0.0
IMPROPER 37515 37526 37518 37520 $FC -120.0
IMPROPER 37784 37795 37787 37789 $FC -120.0
DIHEDRAL 37819 37822 37824 37826 $FC  0.0
IMPROPER 37968 37974 37972 37977 $FC  120.0
IMPROPER 37985 37996 37988 37990 $FC -120.0
DIHEDRAL 38020 38023 38025 38027 $FC  0.0
IMPROPER 38095 38101 38099 38104 $FC  120.0
IMPROPER 38112 38123 38115 38117 $FC -120.0
DIHEDRAL 38147 38150 38152 38154 $FC  0.0
IMPROPER 38246 38257 38249 38251 $FC -120.0
IMPROPER 38352 38358 38356 38361 $FC  120.0
IMPROPER 38369 38380 38372 38374 $FC -120.0
DIHEDRAL 38404 38407 38409 38411 $FC  0.0
IMPROPER 38479 38485 38483 38488 $FC  120.0
IMPROPER 38496 38507 38499 38501 $FC -120.0
DIHEDRAL 38531 38534 38536 38538 $FC  0.0
IMPROPER 38630 38641 38633 38635 $FC -120.0
IMPROPER 38760 38771 38763 38765 $FC -120.0
IMPROPER 38964 38975 38967 38969 $FC -120.0
IMPROPER 39094 39105 39097 39099 $FC -120.0
IMPROPER 39231 39224 39229 39227 $FC  120.0
IMPROPER 39235 39233 39231 39229 $FC -120.0
DIHEDRAL 39231 39235 39237 39239 $FC  180.0
IMPROPER 39481 39487 39485 39490 $FC  120.0
IMPROPER 39498 39509 39501 39503 $FC -120.0
DIHEDRAL 39533 39536 39538 39540 $FC  0.0
IMPROPER 39830 39836 39834 39839 $FC  120.0
IMPROPER 39847 39858 39850 39852 $FC -120.0
DIHEDRAL 39882 39885 39887 39889 $FC  0.0
IMPROPER 40268 40279 40271 40273 $FC -120.0
DIHEDRAL 40303 40306 40308 40310 $FC  0.0
IMPROPER 40624 40635 40627 40629 $FC -120.0
IMPROPER 40745 40756 40748 40750 $FC -120.0
DIHEDRAL 40780 40783 40785 40787 $FC  0.0
IMPROPER 40960 40953 40958 40956 $FC  120.0
IMPROPER 40964 40962 40960 40958 $FC -120.0
DIHEDRAL 40960 40964 40966 40968 $FC  180.0
IMPROPER 41093 41086 41091 41089 $FC  120.0
IMPROPER 41097 41095 41093 41091 $FC -120.0
DIHEDRAL 41093 41097 41099 41101 $FC  180.0
IMPROPER 41210 41221 41213 41215 $FC -120.0
DIHEDRAL 41245 41248 41250 41252 $FC  0.0
IMPROPER 41320 41326 41324 41329 $FC  120.0
IMPROPER 41337 41348 41340 41342 $FC -120.0
DIHEDRAL 41372 41375 41377 41379 $FC  0.0
IMPROPER 41462 41473 41465 41467 $FC -120.0
DIHEDRAL 41497 41500 41502 41504 $FC  0.0
